4500 7.78117 600 0.12736649795928867 27.065187162365664
4500 18.743 600 0.11093257035629157 27.01281753835491
4500 7.96022 600 0.1786921333629787 28.39817687502474
4500 18.5967 600 0.13101952569405895 29.128730067094786
4500 2.11278 1200 0.12126580800445301 17.904582374465143
4500 5.17886 1200 0.09093874816421377 15.860807290823736
4500 17.0109 1200 0.1553718605209024 25.50068674546827
4500 4.10979 1200 0.10786677469091835 16.662549210535442
45 5.9448 600 0.0031716445500235544 15.728394929692973
45 8.05313 70 0.1932844420456957 12.454035138739075
45 12.0998 600 0.00026212550023350776 15.202177441992957
45 8.45391 1200 0.0028081727567189764 12.571501575551565
45 6.09529 1200 0.2606029640181313 23.153337538133403
45 10.2519 600 0.03630888599617026 18.754877164484967
45 11.1053 600 1.0 36.45283902427257
45 19.2858 600 0.005529405844032995 15.989608938872587
45 13.8431 600 0.044480120157224814 19.331272362733678
45 4.65129 600 0.03708413030852262 16.98269903903807
45 15.4653 600 0.3392949547505186 28.893066965594244
45 19.6417 1200 0.006984222745474595 12.847933422626173
